1,0,853,1049,1903,947,1161,2109,0
1440,7876,4184,3314,7498,5342,5307,10649,6861
2880,17307,4616,3525,8141,5994,5846,11840,8696
4320,24953,4771,3637,8408,6255,6156,12411,9589
5760,30091,4932,3644,8576,6490,6202,12693,9727
7200,35567,4974,3664,8638,6559,6316,12875,10058
8640,40834,5011,3671,8682,6622,6394,13017,10210
10080,46070,5043,3705,8748,6687,6693,13381,10729
11520,52514,5062,3719,8782,6724,6897,13621,10909
12960,54337,5086,3724,8810,6767,6909,13677,11070
14400,61321,5115,3726,8841,6819,6925,13744,11122
15840,65059,5129,3736,8865,6845,6943,13789,11280
17280,69118,5183,3738,8921,6919,6981,13901,11372