1,0,713,1069,1782,782,1186,1968,0
1440,6790,4099,3112,7211,5208,4864,10072,7151
2880,12141,4346,3303,7649,5594,5534,11129,7639
4320,15951,4513,3479,7992,5874,5798,11672,8441
5760,18433,4581,3547,8128,5999,5895,11895,8985
7200,21012,4657,3559,8217,6131,5926,12057,9266
8640,24651,4768,3606,8375,6293,5996,12290,9454
10080,27982,4870,3638,8509,6451,6329,12780,10366
11520,31627,4876,3641,8517,6465,6336,12801,10393
12960,35580,4960,3679,8639,6603,6711,13314,10905
14400,39498,4966,3684,8650,6620,6822,13442,11003
15840,44468,5044,3716,8761,6725,6910,13636,11131
17280,47825,5051,3720,8771,6742,7053,13795,11657