1,0,1441,1239,2681,1700,1421,3121,0
1440,757,2341,2155,4496,2839,3323,6162,4945
2880,1491,2393,2204,4597,2933,3398,6331,5261
4320,2184,2396,2220,4616,2942,3621,6564,5462
5760,2934,2562,2408,4971,3166,4000,7166,5805
7200,3709,2755,2547,5303,3412,4189,7602,6420
8640,4489,2868,2622,5490,3568,4292,7860,6597
10080,5293,2966,2675,5641,3699,4496,8196,6607
11520,6077,3048,2723,5771,3804,4563,8367,6694
12960,6726,3061,2734,5796,3825,4708,8534,7348
14400,7510,3061,2739,5801,3825,4734,8560,7353
15840,8154,3132,2740,5873,3908,4737,8645,7360
17280,8797,3157,2766,5924,3945,4775,8720,7372