1,0,0,0,0,0,0,0,0
1440,642535,2828,24796,27625,3730,34693,38423,0
2880,1244498,2921,27622,30543,3880,38683,42563,0
4320,1845351,2957,29437,32394,3938,41186,45124,0
5760,2349460,2963,29776,32739,3955,42174,46129,0
7200,2860715,2989,30062,33052,4004,42697,46701,0
8640,3225720,3023,30352,33375,4059,43354,47413,0
10080,3610401,3028,30441,33469,4070,43544,47614,0
11520,4121071,3042,30681,33724,4096,43919,48016,0
12960,4726977,3047,31328,34375,4106,45384,49491,0
14400,5225413,3049,31339,34389,4112,45518,49631,0
15840,5697949,3050,31401,34452,4115,45801,49916,0
17280,6171016,3051,31465,34517,4117,45920,50038,0