1,0,0,0,0,0,0,0,0
1440,543091,2526,27291,29817,3253,36352,39605,0
2880,556916,2594,28695,31289,3376,38448,41824,0
4320,687380,2680,29290,31970,3521,39323,42844,0
5760,700742,2743,29417,32161,3615,39626,43241,0
7200,706335,2769,29658,32428,3653,39916,43570,0
8640,717368,2820,29817,32638,3734,40163,43897,0
10080,734643,2833,29915,32748,3757,41000,44758,0
11520,743190,2833,30836,33670,3758,42217,45975,0
12960,756688,2838,33037,35875,3768,45774,49542,0
14400,768340,2854,33048,35902,3793,45910,49704,0
15840,778912,2855,33330,36186,3798,46311,50110,0
17280,908873,2865,33350,36215,3813,46364,50177,0