1,0,0,0,0,0,0,0,0
1440,308638,2043,22165,24208,2506,28857,31364,0
2880,603516,2058,23343,25401,2531,30475,33007,0
4320,1061203,2079,24035,26115,2564,31699,34263,0
5760,1302310,2193,25199,27392,2722,33239,35961,0
7200,1430414,2210,28312,30522,2754,37332,40086,0
8640,1670688,2256,28758,31015,2819,37928,40747,0
10080,1942097,2258,28830,31088,2824,38054,40879,0
11520,2189168,2315,29133,31449,2901,38493,41394,0
12960,2405753,2326,29214,31541,2916,38593,41510,0
14400,2604992,2333,29414,31748,2932,39123,42056,0
15840,3035697,2336,29490,31827,2940,39333,42273,0
17280,3251951,2360,29508,31869,2982,39419,42401,0