1,0,0,0,0,0,0,0,0
1440,54862,3677,4445,8122,4672,7440,12112,0
2880,82857,3740,4461,8201,4781,7468,12249,0
4320,114515,3756,4521,8277,4818,7558,12376,0
5760,129639,3760,4521,8281,4825,7561,12387,0
7200,159322,3772,4531,8304,4849,7621,12470,0
8640,178356,3779,4594,8373,4861,7726,12588,0
10080,229217,3786,4664,8450,4883,7820,12703,0
11520,250577,3788,4666,8454,4889,7825,12714,0
12960,274794,3788,4679,8467,4889,8112,13002,0
14400,284933,3805,4722,8527,4916,8179,13095,0
15840,299369,3806,4722,8528,4919,8179,13098,0
17280,313046,3809,4736,8545,4923,8200,13124,0