1,0,0,0,0,0,0,0,0
1440,111333,3748,4256,8004,4798,7092,11891,0
2880,200834,3774,4258,8033,4847,7252,12100,0
4320,286277,3791,4262,8053,4878,7459,12337,0
5760,366672,3792,4270,8063,4885,7470,12355,0
7200,468940,3798,4349,8147,4899,7590,12489,0
8640,544351,3799,4409,8208,4903,7702,12605,0
10080,619193,3800,4430,8230,4906,7736,12642,0
11520,701093,3800,4435,8236,4907,7848,12755,0
12960,781446,3805,4438,8243,4916,7852,12769,0
14400,867315,3810,4472,8282,4932,7979,12911,0
15840,958335,3811,4501,8312,4937,8021,12959,0
17280,1036270,3811,4502,8313,4939,8076,13015,0