1,0,0,0,0,0,0,0,0
1440,148976,2892,4129,7021,3449,5115,8564,0
2880,296653,2973,4135,7108,3564,5127,8691,0
4320,433514,3114,4216,7331,3753,5247,9000,0
5760,507603,3180,4255,7436,3840,5304,9144,0
7200,582967,3236,4330,7567,3934,5415,9349,0
8640,628786,3254,4379,7633,3965,5490,9455,0
10080,664168,3311,4443,7754,4042,5561,9604,0
11520,685294,3314,4453,7768,4050,5578,9628,0
12960,724509,3326,4454,7780,4070,5580,9651,0
14400,803393,3356,4465,7821,4128,5596,9724,0
15840,837716,3372,4465,7837,4154,5597,9751,0
17280,859941,3399,4473,7873,4194,5612,9806,0