1,0,583,581,1164,687,695,1382,0
1440,33469,5289,6917,12207,6847,9118,15965,0
2880,57729,5358,7018,12376,6957,9451,16408,0
4320,80701,5358,7082,12441,6963,9546,16509,0
5760,101626,5361,7122,12483,6972,9605,16577,0
7200,119583,5361,7122,12483,6975,9641,16617,0
8640,131757,5412,7157,12569,7045,9691,16736,0
10080,147389,5417,7158,12575,7055,9695,16750,0
11520,169357,5451,7158,12609,7851,9697,17549,0
12960,189867,5452,7158,12610,7852,10049,17902,0
14400,214569,5487,7186,12674,7908,10098,18006,0
15840,242805,5488,7190,12678,7909,10107,18017,0
17280,267766,5506,7193,12699,7936,10119,18055,0