1,0,1166,1164,2330,691,1393,2085,0
1440,22355,5297,6860,12157,6857,8901,15758,0
2880,47458,5332,7000,12332,6915,9126,16041,0
4320,80364,5420,7060,12480,7048,9213,16261,0
5760,105445,5424,7071,12496,7058,9232,16291,0
7200,130460,5461,7120,12581,7502,9478,16980,0
8640,148762,5461,7124,12586,7503,9488,16991,0
10080,171562,5472,7151,12624,7901,9665,17566,0
11520,191157,5491,7152,12643,7929,9689,17618,0
12960,207514,5505,7152,12657,7950,9690,17641,0
14400,221212,5506,7153,12659,7953,9693,17646,0
15840,239565,5507,7155,12662,7954,9699,17654,0
17280,260933,5507,7156,12663,8329,9703,18032,0