1,0,1753,1218,2972,2065,1461,3526,0
1440,50512,4224,5926,10150,5722,7567,13290,0
2880,79346,4610,6213,10823,6218,7938,14156,0
4320,121064,4878,6443,11322,6606,8258,14864,0
5760,156930,4920,6498,11419,6672,8336,15008,0
7200,189419,4946,6529,11475,6716,8383,15099,0
8640,221786,4955,6539,11494,6727,8398,15126,0
10080,267277,5021,6593,11614,6825,8477,15303,0
11520,305576,5025,6635,11660,6831,8544,15376,0
12960,334918,5051,6679,11731,7339,8606,15945,0
14400,352059,5051,6716,11768,7339,8658,15997,0
15840,369646,5051,6716,11768,7339,8658,15997,0
17280,385663,5053,6724,11777,7342,8671,16014,0