1,0,0,0,0,0,0,0,0
1440,2602,3518,6801,10319,4453,15538,19992,17458
2880,4189,3618,7325,10943,4582,17753,22336,19695
4320,5358,3761,7465,11226,5147,18321,23468,21094
5760,6895,3916,7660,11576,5363,18869,24232,21573
7200,8250,4163,8109,12272,6083,19664,25747,23647
8640,9272,4342,8315,12657,6303,19998,26301,23685
10080,10638,4377,8423,12800,6348,20365,26714,24027
11520,12047,4377,8431,12808,6349,20742,27091,24392
12960,13538,4417,8494,12911,6411,21181,27592,24956
14400,14549,4417,8494,12912,6412,21187,27599,24966
15840,15588,4447,8533,12981,6454,21354,27808,25173
17280,16793,4447,8536,12984,6454,21417,27871,25238