1,0,1983,2309,4292,2377,2807,5184,1752
1440,1575,3220,6502,9722,4015,13931,17947,16341
2880,2647,3480,6923,10403,4758,15180,19938,19271
4320,3578,3560,7000,10560,4876,16013,20889,20206
5760,4421,3837,7058,10895,5220,16130,21350,20249
7200,5702,3837,7365,11203,5222,17235,22457,21355
8640,6437,3867,7365,11232,5259,17235,22494,21436
10080,7541,3964,7399,11364,5768,17434,23202,22187
11520,8600,3965,7403,11368,5769,17771,23540,22525
12960,9782,3965,7469,11434,5769,18585,24354,23339
14400,10516,4003,7539,11542,5825,18689,24514,23638
15840,11347,4003,7539,11542,5825,18720,24546,23669
17280,12721,4060,7628,11688,5907,19392,25299,24341