1,0,925,1331,2257,1123,1655,2779,0
1440,1702,3834,7567,11401,4872,14761,19634,18180
2880,3028,3917,7773,11691,4997,15170,20167,18581
4320,4367,4054,7816,11871,5189,15368,20558,18920
5760,5867,4095,7885,11981,5247,15906,21153,19823
7200,6987,4097,7950,12047,5250,15999,21250,19925
8640,8100,4549,8241,12791,5825,16475,22300,20331
10080,9570,4560,8405,12965,6218,17317,23535,21640
11520,10548,4668,8515,13183,6351,17537,23889,21730
12960,11604,4709,8551,13260,6408,17704,24112,22233
14400,12644,4742,8551,13294,6452,17745,24197,22234
15840,13641,4742,8553,13295,6452,17748,24200,22387
17280,14869,4757,8553,13310,6847,17767,24614,22801