1,0,0,0,0,0,0,0,0
1440,22191,9124,32382,41506,11251,38991,50242,42136
2880,30288,9496,34254,43750,11793,45659,57452,45483
4320,43800,10031,36499,46530,12588,50042,62630,46951
5760,56878,10132,37440,47572,12751,52132,64884,49291
7200,67899,10272,37768,48040,12991,53514,66505,52203
8640,75808,10391,37985,48377,13192,54699,67891,52940
10080,87577,10917,38049,48966,13843,54904,68747,54444
11520,98083,11020,38239,49259,14005,55233,69239,54731
12960,114430,11069,38516,49585,14087,56682,70770,57812
14400,125131,11170,38644,49814,14227,56906,71133,58518
15840,136529,11257,38747,50004,14356,57414,71770,59225
17280,148270,11454,39038,50492,14653,58321,72974,60404