1,0,0,0,0,0,0,0,0
1440,2299,6283,28867,35150,7487,35464,42952,38438
2880,4227,6985,32409,39395,8470,43319,51789,44281
4320,6059,7388,33445,40834,9079,45858,54938,49334
5760,7698,8204,34119,42323,10095,47462,57557,51703
7200,9248,8425,34596,43021,10405,49238,59644,53307
8640,10712,8473,35249,43723,10484,50565,61050,54628
10080,12013,8524,35537,44061,10565,51469,62034,55478
11520,13635,8610,35717,44328,10694,52285,62980,56541
12960,15067,8654,36024,44678,10765,52791,63556,56876
14400,16681,8728,36611,45339,10872,54810,65682,59363
15840,18159,8900,36861,45762,11138,55361,66500,59824
17280,19681,8923,36872,45796,11193,56120,67314,60759