1,0,0,0,0,0,0,0,0
1440,10365,8331,35836,44167,10227,49577,59804,47568
2880,18182,8996,37141,46137,11132,53397,64530,53359
4320,24730,9869,37621,47491,12309,55176,67485,54912
5760,32029,10286,38065,48351,12904,58055,70959,59264
7200,40147,10489,38423,48912,13250,59899,73149,63043
8640,50082,10574,38605,49179,13396,60440,73836,64048
10080,55954,10679,38688,49367,13567,61257,74825,64849
11520,67948,10783,39118,49902,13754,62751,76505,66325
12960,77846,10851,39171,50022,13872,63378,77250,67117
14400,84289,10965,39397,50362,14045,64609,78655,68670
15840,92103,11327,39591,50918,14486,65804,80290,69807
17280,99863,11396,39679,51076,14588,66302,80890,70810