1,0,0,0,0,0,0,0,0
1440,1299,1461,4966,6427,1674,6339,8014,7241
2880,2474,1843,5189,7032,2123,6653,8777,7420
4320,3569,1930,5364,7294,2240,6898,9138,7936
5760,4524,1983,5445,7428,2310,8747,11057,10046
7200,5446,2089,5484,7574,2444,8821,11266,10489
8640,6468,2161,5588,7749,2542,8964,11507,10682
10080,7458,2192,5627,7820,2586,9386,11972,11255
11520,8332,2315,5649,7965,2720,9418,12139,11262
12960,9408,2333,5654,7987,2742,9445,12187,11288
14400,10273,2356,5656,8012,2769,9482,12251,11412
15840,11286,2356,5662,8019,2772,9565,12337,11496
17280,12368,2487,5691,8178,2927,9954,12881,11915