1,0,0,0,0,0,0,0,0
1440,2129,1546,5011,6558,1819,8658,10477,9350
2880,4204,2268,5299,7567,2677,9075,11753,9810
4320,5794,2514,5484,7999,2996,9598,12594,10698
5760,7406,2604,5547,8151,3124,9782,12906,11079
7200,8668,2718,5707,8425,3271,9992,13263,11177
8640,10155,2781,5839,8620,3362,10927,14289,12229
10080,11626,2832,5869,8701,3442,10984,14426,12449
11520,13067,2904,5933,8837,3551,11085,14636,12500
12960,14646,2940,5950,8890,3606,11148,14754,12811
14400,16054,2978,5950,8929,3662,11229,14891,12885
15840,17506,3014,5950,8965,3710,11246,14956,12969
17280,18584,3073,5984,9057,3786,11396,15182,13163