1,0,0,0,0,0,0,0,0
1440,4116,1885,5077,6963,2236,7842,10079,7536
2880,7513,2583,5476,8059,3088,8903,11992,8532
4320,10550,2790,5562,8352,3376,9025,12402,8745
5760,12628,2916,5640,8556,3544,9240,12785,9097
7200,15296,3032,5650,8683,3699,9289,12988,9293
8640,17904,3077,5669,8746,3764,9393,13157,9435
10080,19878,3095,5673,8768,3795,9538,13334,10140
11520,22133,3164,5677,8841,3886,9553,13439,10235
12960,24192,3174,5677,8851,3907,9574,13482,10357
14400,26404,3195,5690,8885,3937,9595,13533,10397
15840,28962,3249,5783,9032,4012,9956,13968,10804
17280,30934,3312,5840,9153,4093,10062,14156,11001