1,0,0,0,0,0,0,0,0
2160,126178,6242,15169,21412,9029,26919,35948,0
4320,252107,6365,19045,25410,9206,35200,44406,0
6480,373970,6511,19427,25939,9563,37047,46610,0
8640,488043,7103,19466,26569,10386,37566,47952,0
10800,599183,7105,19618,26723,10392,38121,48513,0
12960,719398,7121,19628,26750,10414,39061,49475,0
15120,837940,7121,19650,26772,10416,39718,50135,0
17280,935589,7121,22792,29914,10417,45254,55671,0
19440,1038493,7123,22821,29945,10420,45551,55972,0
21600,1153787,8210,22905,31115,11915,46088,58003,0
23760,1261081,10058,22922,32981,14633,46351,60984,0
25920,1371516,10064,22932,32996,14645,46558,61204,0