1,0,0,0,0,0,0,0,0
2160,73403,6826,16706,23533,9844,30925,40770,0
4320,133580,7469,17309,24778,10748,33270,44018,0
6480,189981,7585,17395,24980,10914,34255,45169,0
8640,246401,7640,17414,25054,10995,34968,45964,0
10800,296657,9542,17451,26993,13699,35166,48865,0
12960,356725,9550,17486,27036,13715,35593,49308,0
15120,438860,9555,18023,27579,13726,36996,50722,0
17280,514747,11650,18056,29706,16751,37717,54469,0
19440,579728,11655,18058,29713,16760,38133,54894,0
21600,651371,11655,18070,29725,16762,38360,55123,0
23760,724037,11665,18146,29811,16822,39078,55900,0
25920,789664,12233,18338,30572,17609,39600,57210,0