1,0,0,0,0,0,0,0,0
2160,82984,5704,11902,17606,8011,19095,27106,0
4320,167830,6184,13015,19199,8744,22133,30878,0
6480,251385,6215,13587,19803,8805,23863,32669,0
8640,333775,6421,13954,20375,9081,24995,34077,0
10800,416663,6667,16281,22949,9422,28662,38084,0
12960,500378,6881,18398,25279,9747,32328,42075,0
15120,584117,6941,20318,27259,9840,35663,45503,0
17280,664636,7099,20344,27444,10053,35880,45934,0
19440,750244,7106,20351,27457,10118,36215,46334,0
21600,834185,7255,20449,27704,10330,36549,46879,0
23760,919964,7259,20534,27794,10339,36937,47277,0
25920,1002081,7272,20557,27829,10361,37311,47673,0