1,0,0,0,0,0,0,0,0
1440,129814,1074,51050,52124,1286,70628,71914,57364
2880,489017,1131,52425,53556,1377,74537,75914,59948
4320,971896,1349,52895,54244,1621,77130,78751,62364
5760,1265974,1648,53489,55137,1987,83256,85244,66779
7200,1334062,1664,60239,61903,2009,97381,99391,73550
8640,1588052,1768,61175,62943,2141,102309,104451,75239
10080,1894781,1807,63408,65216,2197,107929,110126,79317
11520,2053891,1814,70169,71984,2211,119061,121272,89621
12960,2428121,1828,70825,72653,2227,119990,122218,91066
14400,2841600,1837,71503,73340,2242,122457,124699,92780
15840,3008575,1883,71636,73519,2302,122939,125241,93283
17280,3367572,1900,71699,73599,2322,123242,125564,93667