1,0,0,0,0,0,0,0,0
1440,341258,1711,40535,42246,2114,54795,56909,48546
2880,762947,2094,42330,44424,2605,60421,63026,54692
4320,1541415,2113,42370,44483,2640,60633,63273,54692
5760,1819551,2318,43239,45557,2890,63753,66643,57406
7200,1972081,2401,43760,46162,3020,64679,67700,57938
8640,2139489,2439,45408,47848,3077,68389,71466,59504
10080,2625412,2455,45484,47940,3103,68544,71647,59504
11520,3287264,2506,45968,48474,3167,70240,73407,60021
12960,3493211,2515,45988,48503,3188,70298,73486,60021
14400,3797144,2534,46041,48575,3219,70404,73623,60252
15840,4228920,2544,46271,48815,3234,71138,74372,61533
17280,4972286,2558,46278,48836,3256,71167,74423,61555