1,0,0,0,0,0,0,0,0
1440,6401,1327,43766,45094,1658,66017,67675,62024
2880,309738,1750,54437,56187,2156,86527,88684,70254
4320,628041,1917,58091,60008,2374,93132,95506,72309
5760,1026835,1955,66904,68859,2432,109620,112052,89237
7200,1389438,2088,72241,74329,2604,120230,122834,99385
8640,1500439,2217,75644,77862,2789,128553,131343,109015
10080,1701688,2447,76375,78822,3070,131821,134892,113001
11520,2017319,2454,76623,79078,3082,135489,138571,117493
12960,2332699,2463,78046,80510,3103,138029,141132,120190
14400,2988222,2511,78653,81164,3171,143050,146222,125297
15840,2994027,2529,79874,82403,3203,145922,149126,132342
17280,3670946,2546,79895,82441,3232,146144,149376,132561