1,0,1422,1470,2893,1642,1686,3329,0
1440,154120,4103,3038,7141,5169,3903,9072,0
2880,319046,4251,3090,7342,5421,4001,9422,0
4320,501714,4398,3161,7560,5647,4111,9759,0
5760,649953,4427,3173,7600,5703,4131,9834,0
7200,820601,4562,3199,7761,5897,4171,10068,0
8640,979538,4637,3207,7845,6017,4189,10207,0
10080,1160545,4699,3260,7959,6129,4266,10395,0
11520,1270939,4726,3301,8027,6171,4317,10489,0
12960,1381523,4727,3301,8029,6176,4732,10908,0
14400,1451681,4729,3301,8031,6180,4732,10912,0
15840,1526360,4735,3314,8050,6194,4752,10947,0
17280,1633238,4746,3347,8093,6210,4802,11012,0