1,0,1572,1427,2999,1845,2014,3860,0
1440,68915,5038,3277,8316,6727,5650,12377,0
2880,126426,5089,3288,8377,6826,5852,12678,0
4320,208549,5126,3310,8436,6903,5940,12843,0
5760,298948,5143,3329,8472,6942,5992,12934,0
7200,366127,5176,3346,8523,6999,6035,13035,0
8640,422356,5188,3352,8540,7025,6048,13074,0
10080,475412,5226,3363,8589,7081,6069,13151,0
11520,528423,5231,3363,8595,7096,6099,13195,0
12960,592156,5237,3363,8600,7112,6143,13255,0
14400,666117,5237,3364,8601,7114,6147,13262,0
15840,690700,5238,3364,8602,7124,6147,13271,0
17280,724080,5239,3364,8603,7128,6150,13278,0