1,0,1974,1722,3697,2356,2761,5117,0
1440,55472,4845,3308,8153,6414,5755,12170,0
2880,89301,5056,3368,8425,6748,6083,12832,0
4320,113816,5085,3371,8456,6805,6091,12896,0
5760,136616,5134,3378,8513,6898,6108,13007,0
7200,148294,5138,3378,8517,6906,6109,13016,0
8640,189698,5142,3379,8522,6916,6178,13094,0
10080,218893,5155,3381,8537,6939,6185,13125,0
11520,250816,5178,3384,8562,6987,6204,13191,0
12960,293730,5182,3385,8567,6999,6211,13210,0
14400,323604,5198,3386,8585,7029,6248,13277,0
15840,358883,5205,3387,8593,7049,6278,13327,0
17280,387184,5208,3387,8595,7054,6278,13332,0