1,0,0,0,0,0,0,0,0
1440,122782,13749,17066,30816,17822,19467,37290,0
2880,235856,14678,18173,32851,19197,20880,40077,0
4320,334138,16932,18376,35308,22276,21538,43815,0
5760,356692,16970,18396,35366,22351,21568,43919,0
7200,392545,17305,18398,35704,22914,21577,44491,0
8640,472182,17387,18532,35919,23051,21734,44785,0
10080,541274,17490,18598,36088,23221,21846,45067,0
11520,617630,17523,18600,36123,23284,21849,45134,0
12960,666630,17576,18702,36279,23404,21979,45383,0
14400,715086,19588,18704,38292,25947,21985,47932,0
15840,761750,19710,18779,38489,26132,22072,48205,0
17280,859423,19931,18779,38710,26495,22072,48568,0