1,0,0,0,0,0,0,0,0
1440,63242,7451,10701,18152,9290,12043,21334,0
2880,142327,8339,11376,19715,10398,12812,23210,0
4320,259215,8826,11969,20795,11108,13551,24660,0
5760,323971,9024,12124,21149,11377,13745,25122,0
7200,430783,9163,12573,21736,11566,14235,25801,0
8640,513255,9445,12829,22275,11920,14522,26442,0
10080,596113,9701,13178,22879,12280,14912,27192,0
11520,700995,10009,13923,23933,12670,15812,28482,0
12960,790896,10100,14125,24225,12804,16071,28875,0
14400,840561,10125,14329,24454,12862,16314,29177,0
15840,928218,10168,14343,24511,12927,16333,29260,0
17280,993658,10545,14376,24922,13380,16371,29751,0