1,0,0,0,0,0,0,0,0
1440,95534,13609,17078,30688,17630,19285,36916,0
2880,148707,13990,17861,31852,18215,20269,38484,0
4320,168280,16449,18029,34479,21388,20457,41846,0
5760,184621,16477,18045,34522,21437,20483,41921,0
7200,237112,16594,18154,34748,21634,20657,42291,0
8640,274539,16652,18216,34868,21743,20753,42496,0
10080,292482,16785,18243,35028,21947,20791,42738,0
11520,315782,16789,18248,35037,21966,20800,42766,0
12960,360993,17338,18325,35663,22789,21819,44609,0
14400,391720,17632,18420,36053,23224,21938,45162,0
15840,466573,18139,18483,36622,23989,22142,46131,0
17280,531536,18177,18489,36666,24075,22177,46252,0