1,0,0,0,0,0,0,0,0
2160,9970,5927,35881,41809,8429,77713,86142,76110
4320,18587,6388,50491,56879,9171,103361,112533,91814
6480,29386,6797,55495,62292,9770,115841,125611,104345
8640,41870,7225,61469,68694,10616,131806,142422,118022
10800,50551,7328,64803,72131,10783,141497,152281,126885
12960,61669,7400,67635,75035,10892,149658,160551,136375
15120,74227,8151,69279,77430,11973,155595,167568,142245
17280,87635,8396,70362,78759,12342,159362,171705,148152
19440,98095,8621,71924,80546,12668,165353,178021,153272
21600,109554,9041,72961,82003,13344,168250,181594,155844
23760,121531,9124,74692,83817,13467,172269,185737,158739
25920,131522,9144,75943,85087,13498,175065,188563,161591