1,0,0,0,0,0,0,0,0
2160,17676,6655,33480,40135,9506,71340,80847,70861
4320,36811,8644,39696,48340,12385,85823,98208,83327
6480,58453,8957,43250,52208,12856,94368,107224,93503
8640,74114,9951,45760,55711,14319,100324,114643,99480
10800,93954,10115,48031,58146,14577,104532,119109,105030
12960,114060,10140,49038,59179,14615,106309,120924,106834
15120,136116,12122,50765,62888,17490,110693,128183,110903
17280,156355,12207,51059,63266,17625,111937,129563,112376
19440,177850,12285,52577,64863,17747,114920,132668,115105
21600,196353,12373,53363,65736,17880,117019,134900,117043
23760,215966,12380,54266,66647,18159,119249,137409,119264
25920,237186,12484,55942,68426,18338,123387,141725,122634