1,0,0,0,0,0,0,0,0
2160,6622,3605,32607,36213,4923,73644,78568,72456
4320,12898,4546,40249,44796,6303,89358,95661,84984
6480,19293,4751,45536,50287,6611,100480,107091,93095
8640,25254,5595,50937,56533,7858,113217,121075,102776
10800,31370,5902,55223,61125,8315,122103,130418,108849
12960,37714,6155,59055,65210,8711,132756,141467,118071
15120,43879,6159,60763,66923,8716,136734,145450,120389
17280,50428,7046,62323,69369,9924,142721,152645,124646
19440,56534,7067,62868,69936,9957,145610,155568,127407
21600,62886,7848,64384,72232,11275,149123,160399,130586
23760,68999,8036,65643,73680,11543,152400,163944,135166
25920,75730,8174,68279,76454,11757,157809,169566,137796